__eq1__	sumproduct(__ni__,(__p__/__p*__)^__Ii__)
__eq2__	sumproduct(__ni__,Ln(__p__/__p*__)^__Ii__)
__eq3__	3.727888004*((__p__/__p*__)-22.064)+647.096

__Eq__	__i__	__Ii__	__ni__
__Tab3__
1	0	1547.936421
2	1	-187.6612195
3	2	21.31446322
4	-1	-1918.874989
5	-2	918.4197024
__Tcd3__
1	0	585.2769667
2	1	2.782335322
3	2	-0.012728355
4	3	0.000159091
__Tgh3__
1	0	-24928.42409
2	1	4281.435848
3	2	-269.0291731
4	3	7.516080511
5	4	-0.078710525
__Tqu3__
1	0	565.6036482
2	1	5.290622582
3	2	-0.10202064
4	3	0.001222403